122.65,35875
96.14,25796
108.29,28627
164.19,31671
60.56,18164
125.44,15147
133.99,15673
90.13,23966
79.39,16123
77.8,17353
109.35,12712
128.0,21875
123.64,25073
110.45,16750
86.58,29107
119.54,21751
82.64,27832
92.52,21077
91.36,27365
82.96,14465
78.43,23206
127.01,24408
96.93,18055
190.73,17565
216.7,28981
85.39,24594
112.65,19974
84.8,18633
119.96,22925
105.04,19041
122.65,35875
96.14,25796
108.29,28627
164.19,31671
60.56,18164
125.44,15147
133.99,15673
79.39,16123
90.13,23966
77.8,17353
109.35,12712
128.0,21875
110.45,16750
123.64,25073
86.58,29107
119.54,21751
82.64,27832
92.52,21077
91.36,27365
82.96,14465
78.43,23206
127.01,24408
96.93,18055
190.73,17565
216.7,28981
85.39,24594
112.65,19974
84.8,18633
119.96,22925
105.04,19041
89.41,16777
87.06,21595
89.47,12966
57.07,18049
71.51,29367
156.84,36343
87.11,26174
134.81,17432
112.14,18549
81.53,20238
96.07,25919
82.74,18130
85.03,25403
108.55,18241
63.43,24910
101.55,34959
108.02,16479
116.15,21352
101.54,16940
109.88,22116
91.09,30190
102.18,22020
69.75,21076
80.99,19015
134.15,32725
100.63,17888
130.37,17796
286.0,31644
107.03,20088
213.76,18011
112.22,17377
72.3,15906
62.56,21580
139.25,28726
87.35,23240
105.59,23203
67.35,21975
120.22,22459
87.82,12754
36.3,26998
129.26,20889
136.2,34876
135.05,21104
120.46,24739
74.13,15918
90.49,23429
169.47,25964
98.91,17693
95.6,18620
88.73,16004
132.67,27889
103.95,24532
134.66,23764
193.99,15878
84.36,17544
100.78,15877
121.6,19162
93.34,18749
87.7,14824
102.74,27740
66.33,15981
94.33,18022
105.53,34114
175.11,16276
126.12,17444
87.41,20364
106.38,19741
76.38,27495
82.57,14534
61.5,19025
93.37,18636
86.0,17791
128.39,16746
79.01,35186
108.01,17499
126.35,23744
84.58,19509
125.74,30619
84.92,20608
146.0,13699
102.0,20589
140.97,21991
130.82,24462
83.15,18040
106.18,20532
90.5,19890
67.17,18312
135.61,15855
49.32,25345
129.02,31003
63.19,17092
129.46,21474
159.27,42695
130.25,22649
83.07,19623
117.05,16745
90.36,20695
61.94,19536
143.33,15350
90.25,19502
106.37,25196
184.51,31977
158.05,32585
71.02,21121
105.8,25142
81.17,19712
125.4,21691
88.94,35980
69.65,17517
103.22,22767
190.13,14727
118.6,35414
69.65,17230
81.53,20852
100.7,33764
53.51,20931
91.3,31545
88.22,17003
80.53,21111
158.0,19621
88.22,17003
77.16,23329
142.42,23874
98.47,23866
68.81,30519
88.78,20275
102.68,23374
135.08,21099
133.81,23168
85.1,21035
151.87,24363
78.25,16103
118.8,29883
83.53,14965
94.41,25422
134.37,24187
70.88,15520
66.76,18724
89.82,15476
129.45,22017
137.54,20722
87.0,29311
62.27,21199
119.46,21347
86.37,22578
80.95,18530
89.54,13179
146.68,20999
83.3,18368
71.66,18560
140.8,26989
122.75,19390
85.41,18968
111.41,17234
115.95,14231
129.09,23860
103.7,15622
134.86,34851
136.59,20500
142.93,18891
90.31,19489
100.56,17900
80.55,19864
103.81,20230
115.04,19124
129.22,22443
132.06,18174
83.2,14424
90.51,29831
136.68,19023
127.36,24734
57.16,22744
68.78,17447
104.1,22383
48.63,18919
35.47,19735
186.09,19346
100.99,19309
122.28,21672
120.51,17426
148.04,22292
169.0,34320
95.66,16204
63.99,23442
139.52,19496
128.77,20192
138.87,24844
99.8,20041
133.67,25062
70.63,16990
126.45,18980
87.31,22449
126.2,20207
127.03,23066
110.26,15600
94.87,21082
91.34,16532
75.12,20235
160.24,24651
123.01,22763
187.84,14108
71.67,20232
126.46,15658
84.98,22359
137.21,30246
205.62,20913
285.71,29751
130.95,16801
110.7,22584
117.7,17163
88.9,20248
39.86,20823
95.59,13914
131.52,11558
110.41,29889
125.88,16683
137.05,13864
79.16,16549
45.53,18670
225.47,25725
160.8,31717
82.19,20076
90.25,13851
127.6,18809
51.35,25317
37.91,24005
88.27,20959
65.54,19836
124.8,15625
74.88,14023
92.75,17251
95.35,21920
78.38,18883
105.7,21760
121.63,24254
71.28,15433
71.38,16532
120.7,15991
124.04,14996
121.38,32131
80.73,21678
86.51,14681
73.59,18345
128.71,22143
117.86,22485
90.96,17041
85.78,23549
98.0,14286
138.13,16000
89.16,15703
92.35,20033
144.88,28990
105.47,17067
93.59,20302
81.47,29459
94.74,13933
59.92,17691
88.0,26705
75.03,21325
108.97,20648
100.22,18460
96.65,13451
97.42,14371
81.32,24595
88.04,17038
79.46,16361
95.73,20370
159.24,21666
105.0,23524
137.42,18120
44.63,20614
84.0,16667
45.52,20431
87.32,18095
54.67,28352
66.61,34530
69.16,19520
130.98,13972
155.4,32176
167.95,10718
233.26,14362
148.11,25995
86.0,20931
40.29,19360
48.74,14773
224.0,15625
126.68,24866
62.81,15922
81.59,20101
135.0,22593
153.52,24427
106.11,18849
169.82,31799
54.43,25354
90.89,21455
120.48,13945
210.68,18037
91.71,21263
117.05,15806
77.8,25450
108.39,17991
89.28,33603
139.95,20008
154.81,20994
123.33,17433
124.0,15968
75.0,20667
90.37,16931
121.23,15673
123.04,21701
83.48,23359
133.32,18677
91.71,21263
85.11,19975
92.12,26922
92.31,26000
143.75,24348
123.0,17480
125.06,15033
90.79,22580
119.0,26891
89.9,31146
98.29,17500
97.61,17007
94.55,34374
127.13,18486
119.8,19199
126.0,16270
117.03,17090
50.06,16980
119.8,19199
78.8,19671
165.83,23519
132.98,24064
85.85,20385
121.26,16906
90.42,33179
56.67,31057
160.48,29911
135.23,26622
90.79,22029
97.03,18758
127.35,16490
68.9,21916
103.27,18399
88.43,12440
88.2,18141
82.71,17894
92.68,20501
62.66,32717
104.71,20056
85.41,17563
139.03,24096
77.97,14108
118.68,23172
84.31,14234
118.21,32147
87.0,24138
165.39,18442
166.01,13253
85.7,26372
104.46,17519
138.4,15752
94.14,19121
89.58,19759
86.6,15128
88.41,24319
119.75,23383
76.67,26347
91.69,18323
108.85,17731
85.13,14097
41.7,17986
93.32,41256
115.38,23921
144.2,27046
142.5,21053
129.47,24717
84.14,21988
97.61,26125
115.99,19830
127.25,14146
272.44,35972
248.87,18002
100.02,14498
142.49,14949
88.03,17608
99.22,15622
148.22,23614
179.24,15957
86.87,37067
272.44,35972
125.5,36415
101.43,23662
74.46,13968
115.09,15032
66.32,18849
84.8,20637
70.67,16981
61.86,18591
80.15,21835
88.18,17918
89.63,18410
70.53,15597
138.79,20175
131.5,14829
149.24,32163
225.02,17332
160.07,24677
47.58,26903
82.75,15106
103.81,13968
89.32,24631
88.86,21495
74.43,14108
137.34,20097
135.06,17993
119.99,23336
84.59,16787
84.35,16598
47.9,18790
85.77,21920
84.35,16598
99.81,20840
82.73,19582
162.26,20277
160.97,32305
179.3,14501
165.25,27232
172.42,30159
172.91,18507
92.7,21036
147.77,18272
194.64,16852
154.41,13277
125.72,14954
169.03,21890
105.02,15236
66.12,27224
93.0,16130
111.98,21433
94.26,22810
91.67,13091
60.6,21453
95.37,15729
41.48,19769
54.59,19968
60.3,15258
107.3,16776
100.02,24996
115.63,14703
102.04,29401
107.3,16776
54.09,19413
100.25,14963
97.19,18006
63.03,14121
73.77,19656
126.79,16169
79.08,25291
82.71,14025
50.78,22647
88.46,19783
87.53,20565
75.11,18640
81.47,19640
143.08,33898
73.4,18393
85.52,19879
75.9,27010
110.44,29881
88.5,16385
146.0,18494
138.85,25928
137.49,18256
98.95,17484
96.93,15991
146.0,23288
146.54,24567
96.15,30162
107.51,20278
48.9,22086
91.96,23054
140.05,11068
146.85,10896
80.45,13922
90.78,24786
91.59,21728
109.14,34360
46.06,19106
128.9,24826
123.63,14965
75.11,17974
84.49,15979
103.92,16359
78.6,22774
92.7,14456
98.41,38106
94.48,21169
130.0,20000
76.25,17705
135.14,28859
92.59,15661
93.19,19852
136.75,19598
126.94,21507
146.65,20457
91.67,29236
93.56,23087
127.55,13721
100.15,13580
86.71,26526
99.61,32126
48.44,15484
88.15,19853
114.83,18288
113.58,22276
112.23,23167
188.88,30708
107.16,13532
179.16,15071
88.95,13266
65.13,20728
97.93,29205
144.99,11174
104.11,18154
92.94,18292
77.61,20745
85.63,19853
158.52,21133
102.06,12542
112.19,24958
85.93,22112
144.73,31093
66.53,15482
87.56,27639
61.0,9837
64.4,20187
121.35,30079
90.35,17709
74.19,20488
133.75,18019
73.59,20384
67.2,18155
127.66,18017
83.95,23824
125.67,17984
123.52,14978
98.91,22243
86.54,15022
127.98,15628
91.15,16457
95.03,17890
103.68,30865
70.77,16957
99.91,14814
69.85,22907
86.33,18187
86.88,26474
119.52,15730
77.92,29261
60.36,18224
104.85,18598
131.56,20143
114.31,25895
136.54,16845
138.85,16565
138.72,11895
106.08,19797
88.18,22114
123.52,14978
69.85,22907
86.54,15022
127.98,15628
91.15,16457
99.91,14814
70.77,16957
86.33,18187
103.68,30865
95.03,17890
98.42,15749
76.52,22870
107.39,17972
104.4,18200
166.18,21062
192.27,16124
143.91,15288
146.87,30640
125.87,21848
62.77,26287
52.07,22086
64.61,35599
91.18,30709
58.84,19545
73.54,24205
78.3,13155
113.82,18099
51.53,22900
90.87,23110
48.2,14731
48.2,14731
104.45,12925
92.41,34845
56.0,18393
56.02,17851
117.4,16014
67.5,20593
87.21,16627
82.65,17544
80.9,13598
99.13,13316
128.87,32979
159.76,32549
208.59,13903
118.62,17283
123.31,15409
198.05,26761
169.57,37743
176.99,18363
141.51,16960
218.83,16452
200.58,16453
184.53,20593
149.96,17872
164.91,14493
137.54,17086
137.33,18933
196.13,19375
214.51,20279
177.82,23507
165.26,11921
64.14,17462
63.34,18156
65.44,16199
163.72,16492
90.81,14316
135.37,15514
167.25,9986
166.27,15638
128.61,12286
72.51,14205
105.61,31721
77.03,24017
132.8,16943
140.63,19911
94.78,17726
153.32,19046
135.68,20490
160.8,19279
96.0,27084
100.0,25200
110.26,17686
87.8,16515
111.2,37770
178.68,29103
140.11,13561
148.35,16987
104.68,15094
103.27,14041
119.4,13401
119.4,13401
131.36,15150
129.4,15070
124.68,14838
136.85,20461
88.41,28843
107.52,14695
91.65,19968
83.13,19247
86.97,20697
94.29,15060
80.95,19519
104.12,19689
124.07,20795
137.0,17665
131.42,19784
116.24,35961
79.53,12323
84.65,21855
138.0,26087
81.93,16234
144.42,17796
82.83,16299
154.54,14236
89.37,27862
135.14,24272
116.37,21398
93.14,17930
142.0,23099
78.41,17218
136.24,31562
188.84,16681
201.84,32700
284.85,28085
165.2,29238
79.62,17333
82.54,18537
59.8,19733
134.0,13806
138.7,23793
92.49,13515
118.68,23341
63.38,18934
72.03,15550
105.87,24370
98.36,21351
95.93,23976
70.88,16931
129.58,12734
122.85,21897
126.91,22694
120.98,21905
96.2,16633
93.04,18272
148.05,23506
104.43,15130
87.21,25800
116.43,16148
93.78,20261
87.21,25800
116.43,16148
107.86,22715
87.53,14853
140.62,17423
65.67,20710
124.01,25805
74.0,13244
74.58,17163
79.43,20144
90.73,14549
153.2,23042
127.38,39489
82.97,36761
94.91,20019
101.9,12366
107.79,34790
90.14,18305
84.12,12958
82.22,23109
113.55,17966
81.34,18196
141.0,34043
55.38,14446
91.84,21778
82.58,16712
117.05,17087
73.52,12242
86.68,23997
34.91,20625
86.68,23997
83.26,15614
105.17,19493
49.95,27428
128.26,25340
86.63,17085
267.21,32185
101.7,25566
100.86,15864
84.7,18300
98.41,20324
123.72,13984
142.5,24983
84.95,17069
89.56,29590
139.13,22282
76.81,17967
64.15,20266
109.83,21670
92.16,12587
163.16,35977
112.82,28364
78.92,15839
88.46,23740
83.37,20511
87.37,22319
70.8,19068
140.25,19965
67.16,15635
91.04,13182
139.13,22282
76.81,17967
140.25,19965
42.72,15216
93.19,20389
112.18,21840
132.03,12119
58.25,25408
83.48,20365
58.27,15961
72.91,23043
161.26,14573
56.63,18542
50.12,17558
103.74,15906
71.67,16046
137.04,13865
37.48,18677
95.14,27118
123.3,17032
117.37,14485
86.94,17254
59.0,24577
110.26,17232
94.67,15317
81.65,18984
89.68,25647
41.81,17460
74.23,17514
112.11,14718
127.01,20471
83.48,20365
138.85,25208
103.92,23865
60.2,22924
136.46,18467
90.8,14097
103.09,15036
89.0,11798
91.88,17415
60.24,22909
78.02,19867
90.58,34224
141.8,17000
132.3,12850
182.69,30106
250.59,14367
77.92,30801
223.32,20151
142.64,16125
93.4,28373
87.28,19822
174.21,14982
142.84,32204
98.68,17735
91.56,32766
92.04,20644
100.37,19927
131.38,32882
77.19,16583
150.05,26658
89.52,15639
156.91,13894
205.01,13902
100.87,16854
91.73,28345
116.51,22145
87.79,22782
83.18,26449
74.98,15338
139.13,19407
228.72,13991
104.72,11937
98.45,18792
81.33,13403
95.18,22904
119.56,16394
122.43,15111
84.11,38046
116.62,26154
67.7,18464
71.79,15323
88.11,27807
118.77,16840
40.78,20108
91.58,19655
66.4,21838
138.51,25630
133.2,33784
91.65,22696
138.51,25630
133.2,33784
91.65,22696
61.13,18813
80.54,14900
147.11,13256
79.66,16320
176.0,25853
128.13,21073
47.87,23397
38.09,24941
134.17,18261
150.2,12650
136.99,19345
130.36,18411
136.77,16525
71.66,14234
93.14,17179
135.0,30000
56.68,31758
61.81,19091
205.3,45300
166.45,9973
65.16,26857
89.28,22626
61.57,18191
67.1,16394
49.57,15736
83.64,17098
65.04,16452
85.46,18138
49.57,15736
65.52,16026
83.19,18633
92.1,19110
81.7,32803
75.57,19188
77.91,20152
130.31,21488
137.3,21850
85.4,16979
87.05,32166
140.45,30118
92.84,24774
112.09,14721
74.83,15903
105.43,16125
146.0,25069
79.1,13275
93.6,21154
86.41,17128
99.48,16084
122.25,15052
102.11,17629
124.8,22837
155.82,19574
129.69,14574
82.79,16669
84.58,20691
92.5,25730
63.53,21250
162.51,12184
101.34,23683
87.37,12820
90.87,25311
88.18,22455
104.47,20102
135.84,27238
187.01,33047
115.0,17914
170.0,33530
167.55,34617
122.8,20522
125.72,20681
138.43,19505
67.03,16411
94.91,25814
95.18,12818
96.05,20823
129.05,15963
91.37,22984
113.24,12805
79.69,17820
91.75,29973
142.11,20055
94.52,22006
123.65,23454
109.78,16397
87.64,18257
94.52,22006
123.65,23454
109.78,16397
87.64,18257
90.39,19029
123.63,15531
60.53,21477
72.9,30865
140.45,17088
58.65,23871
97.89,15835
145.18,23075
90.49,16577
102.29,19357
128.71,20201
104.9,17636
41.65,21609
43.04,19982
120.71,23859
106.16,13942
110.14,23607
77.53,22314
87.34,21755
112.75,21996
86.59,15707
94.13,20717
98.31,31127
129.59,20835
117.68,18270
131.5,13537
111.26,17078
94.13,20717
98.31,31127
130.66,17603
45.76,16609
129.59,20835
117.68,18270
131.5,13537
118.6,25211
87.02,28500
52.46,18110
90.87,26412
197.5,18228
42.94,24453
90.92,12649
90.38,16597
132.42,15104
163.91,13422
125.19,19970
139.8,26109
136.77,12796
107.66,15327
139.13,20126
87.16,11244
152.66,23582
89.86,35055
83.04,18666
84.2,14609
127.57,26025
92.17,23869
87.02,18732
103.09,18431
121.3,19869
105.46,24465
97.0,13918
143.08,35645
91.53,16935
87.37,24036
57.37,38348
80.53,19000
99.8,23548
133.61,19834
108.34,14769
87.66,19394
127.44,16479
134.11,38402
92.75,20378
84.11,35193
91.36,25723
113.27,19953
54.0,20371
93.1,17723
95.03,16627
93.66,14414
217.0,25807
124.56,19429
90.45,17690
54.19,21776
86.71,28602
103.0,15049
54.19,21776
68.33,19026
51.35,24343
79.64,16701
93.1,17723
73.28,15011
186.66,15269
75.48,22258
83.84,18846
115.71,18547
86.46,19084
148.76,13243
138.01,34418
43.21,20366
114.23,19698
88.44,18092
187.04,28337
89.76,22282
141.64,12709
137.09,16778
114.12,32247
139.61,16833
117.96,22042
182.29,14812
178.94,15928
160.72,26755
90.96,22538
122.69,24289
105.42,36521
134.34,18610
160.72,26755
178.94,15928
81.0,19507
87.49,26861
182.29,14812
139.61,16833
117.96,22042
90.96,14073
94.39,17269
87.95,19671
76.0,15132
158.0,36709
65.96,15919
139.72,39007
131.38,13701
89.97,18340
105.57,28418
142.18,23070
95.65,18819
102.1,22038
163.0,10491
133.84,19053
50.53,19593
98.81,19735
145.0,17794
137.85,21763
87.06,25270
117.7,19117
88.95,26420
147.74,19968
88.02,19087
89.18,15923
79.11,20858
100.08,19985
95.08,15777
114.46,15727
91.26,35065
97.94,23484
94.22,19635
95.96,14069
128.69,12045
94.57,24110
101.36,14799
144.67,21429
102.71,15092
99.95,19010
70.77,25435
121.38,16066
134.79,18993
105.33,15666
104.2,23897
98.81,19735
95.02,21049
121.84,18878
49.72,32181
116.83,24395
114.41,31029
89.2,29148
88.48,21474
68.65,16752
106.62,25324
92.72,18875
129.7,28142
96.31,22843
89.32,24631
83.22,19948
88.62,16701
145.9,25223
117.73,23104
125.41,17942
49.72,32181
116.83,24395
114.41,31029
89.2,29148
88.48,21474
68.65,16752
145.03,12756
113.17,20324
84.7,25384
83.19,34860
96.54,36876
129.05,18598
142.58,18587
88.07,21007
58.04,22399
87.52,18853
60.24,23573
96.82,18592
87.05,32166
83.79,13009
109.95,22283
90.83,24222
87.72,26790
96.01,15416
139.94,31300
95.96,17716
83.27,23418
82.73,14506
105.69,14950
96.82,18592
93.85,20778
88.07,24413
89.17,16037
67.0,21195
81.15,30192
81.24,24619
71.88,18782
138.49,23829
111.69,25070
133.28,33764
126.46,20560
129.35,18478
90.01,15554
91.95,20555
134.52,12638
101.55,21172
86.76,20747
108.27,15240
89.61,24551
76.65,15917
76.65,15917
134.52,12638
101.55,21172
86.76,20747
108.27,15240
67.0,21195
76.41,17014
71.88,18782
81.24,24619
69.99,17146
110.04,22265
99.18,23191
84.75,19824
116.08,14818
115.52,18872
58.62,11089
62.13,16096
102.29,12709
115.75,12096
100.16,16973
103.38,14994
94.76,15091
100.11,16982
91.77,23429
78.92,15839
61.59,19484
92.11,12594
122.99,19108
89.07,20209
89.62,18746
92.11,12594
94.72,22171
114.3,13561
91.66,30548
112.17,15602
85.19,14674
66.9,22870
95.09,21349
119.24,19289
145.88,18783
86.71,28256
71.11,17579
93.24,11798
95.78,21926
84.98,27654
64.17,20259
44.59,24221
80.32,27391
57.82,22138
35.07,25093
32.65,22971
35.37,16399
61.75,21053
93.15,21471
87.76,22106
157.97,17409
163.28,24927
127.73,24114
88.76,22533
178.13,24421
126.39,26585
122.45,26950
180.04,15997
157.97,17409
163.28,24927
275.74,32001
132.07,20823
128.7,14375
143.43,13596
149.07,32200
127.76,26613
228.87,10836
165.13,15443
65.97,27892
136.39,16864
106.8,27622
248.07,16125
122.35,19616
215.26,22299
147.06,16184
71.28,16836
114.0,35965
137.15,14984
175.64,31884
93.78,21114
74.81,16843
107.63,14402
213.0,21503
86.17,24951
96.52,18649
93.0,14839
96.52,18649
133.64,18932
117.96,14073
74.36,14121
139.74,20396
41.99,19529
172.21,15679
95.57,18312
138.18,18238
113.51,13920
88.44,18092
87.26,20743
104.15,20644
164.54,28869
90.96,33532
85.72,17499
83.7,18997
97.0,23196
120.2,23129
67.19,18604
67.33,16338
94.25,21751
104.2,37908
68.19,23464
68.16,20981
120.93,14472
60.93,20023
56.63,19072
28.0,23215
46.84,23485
164.66,19131
44.6,23992
55.11,19961
62.03,17734
83.95,17868
72.44,17946
96.3,21807
103.22,23252
90.39,18808
59.54,43669
89.84,20036
120.09,18736
81.17,23408
103.0,14078
91.43,16953
67.63,24398
145.9,18506
136.77,14258
111.47,17225
90.0,16112
136.5,13041
123.87,16146
93.06,17731
75.47,15238
88.29,17556
151.16,26463
100.42,15436
136.6,17936
89.79,17263
131.25,14096
95.69,26127
126.47,20954
93.72,21127
102.55,21941
139.5,12044
103.24,21116
98.57,19783
54.43,23884
135.15,22568
93.66,21354
139.78,14666
128.93,25286
116.97,22656
100.99,18517
183.0,17815
96.21,18190
82.03,27064
146.0,15754
68.64,17483
125.27,25146
87.45,19669
128.46,27246
102.61,20369
167.14,20343
99.56,18080
171.86,15827
160.0,17188
55.35,24391
108.0,23426
53.4,20225
173.63,16530
32.77,16784
162.5,15508
159.0,23900
187.25,11749
178.0,16293
163.0,20123
139.82,10729
123.89,19373
161.0,18634
149.9,35357
136.04,18745
131.04,13355
146.34,20501
241.56,28151
162.95,15649
105.0,57143
173.23,24534
196.77,19109
201.65,19837
181.21,23178
135.31,12934
119.1,20068
83.09,24071
46.74,20112
91.5,16175
83.26,16575
95.94,28977
36.45,26064
83.53,19754
85.18,16671
89.11,19639
137.04,22622
160.36,20579
92.57,19661
139.5,21506
93.17,18032
93.77,14077
130.41,16717
92.93,21307
75.0,12000
116.0,13707
158.64,17966
125.02,16478
99.25,23174
80.22,14959
93.31,20363
82.94,14469
88.72,14653
89.39,20696
138.36,18214
88.06,21350
97.24,18306
119.45,25116
78.92,13939
130.3,20338
78.57,18583
108.45,14108
78.92,13939
130.3,20338
78.57,18583
108.45,14108
167.7,22064
126.3,22962
133.06,18789
86.23,13337
85.38,25065
124.62,17494
134.81,11869
68.84,17142
100.17,14476
42.5,18824
89.93,16124
121.93,16403
125.5,15937
84.7,14168
87.97,17620
100.26,13964
62.58,22052
80.59,18365
171.79,30561
79.8,17043
112.28,23157
64.82,17896
144.77,18996
117.36,20280
96.69,19651
111.0,16217
107.83,23000
96.81,41319
94.48,16724
120.99,18184
94.49,18309
122.94,21149
119.21,14261
93.85,16516
68.29,17573
131.9,26005
81.74,13702
106.11,19791
106.15,16958
194.72,16691
98.38,11995
83.12,16242
92.87,13460
92.22,21688
116.4,20104
86.02,18252
77.48,14198
65.47,14205
174.7,18718
120.6,16584
82.16,20814
98.68,32429
131.69,26578
134.88,22242
105.4,26566
111.0,16217
107.59,15615
93.85,16516
68.29,17573
131.9,26005
106.11,19791
106.15,16958
114.09,19284
103.46,19815
121.99,22133
88.71,16684
102.47,16103
125.0,22400
106.83,18815
82.72,32641
118.31,18173
90.93,17047
126.63,21165
70.27,20635
63.27,20547
78.7,19060
128.67,25648
81.25,14770
89.87,21142
90.36,22688
167.0,26048
124.04,18140
124.91,15211
131.69,18833
98.63,26362
94.37,14306
123.06,17472
131.69,18833
98.63,26362
78.69,12709
86.54,15600
84.01,19284
129.45,21244
94.56,17767
150.39,14297
142.28,16517
97.0,29897
78.04,20247
98.96,14451
336.53,40116
142.06,12319
139.41,12051
92.24,34151
150.08,20323
136.48,23081
161.49,19692
124.32,14479
79.1,17674
62.2,16882
83.71,23654
93.96,15752
93.89,17042
91.52,14205
111.53,16929
157.91,16972
88.24,21533
150.39,14297
137.12,20129
124.73,18039
107.56,22778
123.61,21034
55.89,19682
93.42,21944
123.78,20117
97.0,21135
99.23,32249
126.0,26985
86.14,18923
50.45,21408
77.08,18423
102.27,18383
132.36,18511
86.1,20326
123.43,14827
129.08,16269
65.28,17617
92.86,16154
82.27,17625
65.05,14605
42.68,15699
33.96,25030
46.74,21823
71.47,19169
181.34,22610
95.01,21051
187.46,30300
175.43,19951
198.99,17991
237.23,38360
138.87,13466
168.4,15440
163.91,15253
164.75,14932
165.54,18999
109.57,20079
143.04,25168
93.74,24536
138.83,23050
184.73,24360
150.05,25659
162.78,16587
163.89,11289
176.21,11634
151.88,19753
132.0,24243
156.7,15827
182.87,24608
171.94,20356
119.42,12896
36.07,29111
131.27,18283
96.54,21753
88.96,19672
157.11,18141
38.0,25000
85.93,20366
85.72,29982
165.13,13323
203.18,17719
59.21,16552
107.0,17944
123.34,24324
94.83,16873
115.6,35035
68.29,17133
138.1,18827
96.26,25764
55.11,38832
91.92,20453
157.11,18141
88.96,19672
83.42,17982
114.28,25814
152.28,25611
171.94,20356
60.93,20516
38.0,25000
85.93,20366
57.87,31105
109.01,13761
97.4,18276
95.01,27366
82.46,16008
57.5,16174
81.32,16970
99.64,27700
99.64,27700
44.66,18361
97.75,14323
57.87,31105
148.09,20258
44.66,21944
80.37,17171
83.0,13013
131.31,28026
49.65,24170
61.51,23086
71.7,16179
149.0,34564
46.97,23420
237.0,32068
155.71,17212
213.98,26639
115.21,20398
45.26,12815
139.87,28027
27.37,29960
46.45,30571
67.35,18412
63.5,19686
78.86,19656
41.42,19315
52.32,19114
87.78,24494
58.2,28523
47.79,29714
47.79,29714
87.78,24494
130.19,13980
79.17,22105
111.62,17739
118.68,24942
125.03,24955
148.31,14699
144.98,16417
83.53,25141
96.0,15625
137.39,24748
109.63,16602
82.54,17568
88.71,15782
135.5,23617
124.51,23934
132.96,21059
53.53,25220
90.0,14667
81.06,15791
49.51,19189
134.0,13806
78.52,21014
137.59,13083
127.46,18830
105.8,19849
136.78,16085
95.82,15446
94.48,18523
79.17,22105
107.64,18581
122.72,27298
141.51,15547
101.0,19109
90.82,19269
96.99,12373
119.41,15075
138.61,20995
122.22,15546
83.24,21745
92.38,18403
111.45,15075
146.32,18317
69.17,18795
144.3,21484
133.26,18611
96.25,17143
112.61,19537
95.23,28353
136.76,16818
122.75,15072
95.87,30771
58.55,15030
77.8,17738
156.75,17544
91.89,18827
93.0,16130
106.7,19776
81.43,15965
81.43,15965
80.75,14366
122.67,20380
143.71,15657
83.34,18359
61.58,18188
132.44,24917
86.93,14955
111.22,15286
156.97,18475
69.91,20741
114.84,16981
94.41,23939
99.65,29905
97.94,18583
144.5,16609
63.32,21637
52.95,18320
129.64,33941
53.42,17784
105.63,18461
98.16,11716
75.53,19198
65.15,18420
48.51,16080
93.16,27373
90.24,32913
122.98,34559
168.55,20054
98.52,23854
64.84,19741
103.0,17962
81.69,14690
114.06,12713
91.95,22295
117.64,16576
90.44,21562
101.57,21168
96.71,22749
93.91,19700
91.46,31927
127.4,16955
92.71,34517
81.15,14788
48.0,20834
94.0,15958
91.65,22150
112.15,21846
93.58,20838
128.7,18260
128.57,22556
90.7,17641
44.37,19158
145.0,19311
161.88,34594
133.92,28226
105.16,19970
88.12,39492
88.76,19153
46.38,16818
106.74,22017
73.48,24497
101.12,37085
68.38,21937
95.73,23504
46.38,16818
102.4,15137
122.9,33361
51.97,22129
137.3,23671
86.19,33647
79.26,17916
80.12,23465
58.15,24592
305.9,45767
97.09,21115
95.03,31359
100.34,30895
124.56,19429
91.44,31715
57.05,24190
59.52,26042
45.92,18511
45.03,19987
55.68,21911
151.07,36010
79.06,22768
58.05,29286
100.95,15157
70.86,14395
53.65,27959
65.6,22561
71.15,13353
53.67,19006
71.79,17412
64.35,16784
68.59,17933
124.53,20879
95.94,28143
85.03,18817
85.47,26911
125.18,20771
142.17,27432
88.93,12932
77.0,16494
88.05,17604
79.48,20131
91.18,15355
92.0,15761
123.65,26689
105.0,17143
68.0,21618
127.0,16536
93.11,24702
91.69,19632
93.0,26022
89.15,16041
97.58,20497
75.05,17322
132.44,24766
79.48,20131
75.05,17322
68.0,21618
92.0,15761
123.65,26689
105.0,17143
87.0,28966
60.51,24294
115.43,16894
90.5,28288
128.63,33430
87.0,23909
240.0,35417
130.71,21422
185.05,20535
169.75,36054
127.61,19748
177.65,35463
121.83,18469
86.72,18451
113.51,14096
131.3,11577
132.43,18954
120.47,12452
116.7,15853
65.07,19979
44.0,19319
79.8,18797
69.43,16996
120.47,12452
116.7,15853
138.24,15987
136.27,12476
84.08,21409
109.26,16109
57.26,24450
119.56,15223
60.56,25100
58.11,17726
170.13,18222
65.0,17231
23.88,23032
48.44,15484
120.77,31051
50.91,20625
44.31,24374
97.94,18175
39.15,15582
55.07,19793
127.78,13931
126.0,26905
132.93,18431
148.6,23217
95.89,18251
88.97,25290
139.25,21544
119.6,20485
145.54,18209
95.89,18251
88.97,25290
139.25,21544
119.6,20485
145.54,18209
130.77,20265
113.0,22567
66.7,23989
83.68,23423
129.78,23887
110.0,16364
76.83,24470
137.49,21020
118.36,19010
78.0,22052
77.09,32171
90.35,17931
37.36,22752
127.64,15278
77.82,16706
149.98,18336
96.13,27047
135.78,33142
113.31,24535
117.23,32415
91.41,18051
95.88,25866
109.4,23127
94.0,16490
114.59,17978
130.24,15741
81.94,17696
127.64,15278
149.98,18336
96.13,27047
135.78,33142
77.82,16706
111.7,23456
80.95,16060
68.1,18356
118.36,19010
76.83,24470
137.49,21020
113.31,24535
128.0,20313
101.99,18140
90.35,17931
37.36,22752
86.63,20779
139.06,23731
78.25,15336
89.2,21861
100.68,14701
82.15,23129
97.06,20400
133.34,21749
45.27,17672
147.26,11205
191.73,14604
140.0,18429
165.72,19310
118.87,18508
36.33,16791
94.89,34778
95.18,21959
86.81,20159
83.0,21446
89.77,32305
84.0,25953
91.75,30518
171.79,36091
79.52,15720
57.3,19721
186.0,34947
101.0,18317
98.4,22866
121.45,15480
145.73,22988
96.39,16081
88.18,32321
91.77,21685
59.01,21692
93.76,27731
139.73,23617
88.08,15327
88.41,18324
85.27,23455
153.0,34968
90.66,20627
108.48,17331
108.0,15371
90.66,20627
94.22,18574
78.05,18578
96.0,30209
153.0,34968
91.0,22858
96.39,16081
88.08,15327
87.31,18784
51.35,25317
96.1,30698
103.0,24078
98.4,24391
98.0,22960
73.0,24658
99.44,24136
90.32,20594
89.98,17004
126.0,18254
132.44,23407
130.47,21461
95.49,32988
83.91,15017
80.9,22868
114.11,24976
92.64,25475
84.77,20645
70.26,18219
126.0,18254
90.37,31538
80.42,19274
133.86,23906
165.5,33958
91.1,21076
130.91,23681
65.46,17568
43.35,18455
115.71,19014
115.71,17976
89.87,21365
145.82,17968
103.54,18351
107.14,18668
98.49,19292
133.0,13610
137.51,14981
132.22,12102
78.04,32035
105.76,15129
135.13,12581
133.52,14081
97.96,24500
146.55,13648
142.45,14041
55.09,21783
133.41,13493
124.17,11034
99.11,18162
146.55,13648
142.45,14041
144.54,17850
95.89,24821
45.53,18670
108.29,30936
92.53,29396
39.1,16113
88.22,19951
73.7,18996
46.27,19452
49.01,22649
51.26,26337
55.27,18998
31.74,20000
74.09,15252
148.59,19315
85.38,33381
115.22,19962
104.02,14421
140.14,11560
137.83,17050
101.97,17653
138.4,18064
93.38,22811
109.7,12033
137.84,16687
114.78,15857
98.0,20000
135.22,23296
135.22,23296
104.95,20201
141.83,28203
83.64,18891
121.94,17222
107.0,26169
102.53,19019
130.76,22943
79.21,13888
143.16,12923
89.19,15137
55.19,18573
88.45,16394
115.94,14232
95.25,17848
85.11,20562
94.0,17022
88.46,14696
83.47,14617
95.8,18059
95.45,18439
85.0,20000
97.24,15426
134.7,13215
72.15,14969
117.51,17020
99.79,15834
91.87,23947
86.21,13920
158.78,20154
96.68,18101
149.79,37386
115.13,18241
117.51,17020
72.15,14969
158.78,20154
171.79,31143
99.79,15834
139.85,21309
91.87,23947
86.21,13920
116.98,19064
139.49,15055
63.88,15342
88.91,15184
67.82,16220
100.9,18633
80.88,20401
36.0,29167
63.63,31118
96.86,13938
147.3,16633
77.67,28969
245.21,29363
101.46,18234
116.46,16744
129.64,16971
92.0,34783
128.97,20160
105.12,24734
134.88,12975
93.52,19248
88.0,17387
128.6,23329
122.99,19352
72.12,19967
62.27,18468
56.98,19306
88.03,23061
245.21,29363
107.91,22983
125.0,20800
168.0,23810
128.97,20160
134.34,17121
79.01,37717
116.18,20142
69.9,17168
147.3,16633
123.44,34025
90.26,18281
92.27,23302
109.11,13491
67.16,19059
68.63,17194
90.35,16603
143.0,30630
120.05,16910
127.93,32049
107.84,23276
109.11,13491
67.16,19059
68.63,17194
90.35,16603
154.23,17507
69.0,16667
161.59,27973
113.0,25222
89.14,19072
91.58,18018
136.5,23444
83.09,15646
78.03,19993
51.31,32158
93.08,24925
78.33,19789
117.86,21042
65.68,16748
86.8,28802
90.88,23658
77.33,22631
96.16,24543
93.14,15998
156.91,15806
66.25,21887
192.09,22386
37.88,24288
41.31,18156
52.4,25764
65.64,17063
42.76,21750
37.88,24288
139.2,22845
50.5,23367
99.41,16800
52.82,12874
58.11,24953
54.72,16448
56.0,21072
45.0,20000
164.0,24391
155.0,13871
51.45,17299
150.0,10534
176.13,20724
209.72,17166
89.0,16293
68.07,23506
100.29,19943
43.08,13928
55.99,19647
86.36,23507
179.76,36160
194.91,18984
168.18,10703
123.83,22047
91.95,35346
61.78,17806
91.55,25997
75.95,36340
124.52,18873
35.85,22316
54.96,18196
174.2,14926
60.1,23295
216.18,13878
77.84,17344
87.7,13227
98.71,19249
114.53,17900
140.31,18246
188.85,21976
80.12,27459
79.92,19395
62.48,17606
51.91,20228
82.82,19923
95.85,17215
56.37,27143
125.09,12631
125.59,18792
138.0,15943
67.26,20815
86.44,13883
176.4,12472
132.72,30139
119.8,24625
95.06,15570
147.94,23659
97.24,16249
130.52,16856
144.22,19762
110.87,18942
120.64,19894
118.96,19335
121.84,19534
129.98,28851
94.0,22873
74.5,16779
91.76,27790
110.51,23075
99.74,22058
87.11,17220
125.0,18800
95.88,28161
96.23,19433
135.14,16502
81.31,15989
114.71,17000
139.0,22303
94.48,21169
144.87,14496
119.7,17544
136.3,16582
134.0,11195
123.05,17879
114.88,19673
90.4,20465
100.15,13480
48.95,16957
114.88,19673
90.4,20465
100.15,13480
48.95,16957
135.03,12516
86.04,36030
137.15,17718
88.62,19748
94.13,17529
75.95,19750
123.73,21418
96.18,18715
104.2,23801
100.08,20984
124.85,17221
79.12,13271
107.58,22588
102.91,28958
98.74,19749
118.0,23475
84.31,19215
71.67,14232
92.63,25694
106.26,28045
184.4,20066
147.36,17305
62.0,24194
156.28,17917
98.25,14046
64.43,18625
76.17,21006
135.93,12139
118.28,19023
98.01,12244
93.52,17644
133.6,26572
96.31,27620
101.54,18220
129.64,19902
94.76,18468
114.01,17104
67.39,15730
135.91,25753
106.63,24384
153.32,19567
79.06,17456
94.67,18486
85.97,17681
102.64,21435
131.59,21735
80.12,27459
114.53,17900
79.92,19395
62.48,17606
125.59,18792
56.37,27143
98.71,19249
104.3,19176
111.62,22219
90.4,16372
107.19,16607
91.64,16151
117.0,13847
89.47,15648
134.81,17432
144.3,26335
93.12,18901
92.0,13587
125.03,15597
97.0,15980
91.99,17394
133.2,18919
93.72,18993
113.84,12738
62.0,19355
99.61,32126
93.71,19209
116.16,16185
98.48,16755
127.12,17700
128.41,14018
102.47,14249
89.56,17307
134.29,24425
102.2,18591
111.27,16896
68.7,18923
74.4,18146
79.95,12758
68.8,16716
111.91,25914
125.46,18971
51.2,19532
86.72,18451
74.74,15789
105.3,16620
96.56,35212
82.45,22196
159.74,13460
97.47,22059
85.72,30332
65.08,16134
93.63,16021
97.31,17368
133.67,18928
137.0,18979
87.38,14306
91.79,21789
85.28,19935
92.26,23846
135.62,22858
94.27,19095
155.06,24507
91.85,13827
91.99,17394
93.72,18993
82.37,16390
101.66,23225
88.0,20910
113.84,12738
156.06,24030
127.75,12134
93.51,27805
99.44,20918
56.1,21391
38.75,32259
130.74,16828
60.49,16863
89.32,21832
89.31,13437
134.2,17884
51.35,25317
86.72,22487
122.57,15094
94.92,21071
65.25,23296
101.97,19124
39.91,19544
125.95,16277
126.94,18907
130.71,22187
92.3,17444
91.76,21579
99.86,16323
125.87,22246
175.53,17092
79.36,17138
100.95,15850
91.03,19445
98.59,19475
121.16,17333
108.09,14988
98.48,16755
127.57,24928
96.68,18619
119.7,18965
130.3,20108
93.71,19209
116.16,16185
111.27,16896
102.2,18591
68.7,18923
102.47,14249
89.56,17307
79.95,12758
58.82,18702
79.43,20144
87.79,35312
72.03,23463
76.41,22903
158.83,17629
94.69,16898
86.42,21755
127.75,12134
88.52,22594
125.59,18792
92.04,21730
74.4,18146
118.65,20987
114.87,20894
157.0,28663
126.94,18907
93.51,27805
56.1,21391
38.75,32259
130.74,16828
125.95,16277
60.49,16863
89.32,21832
89.31,13437
134.2,17884
51.35,25317
86.72,22487
75.3,13945
135.64,11502
103.0,46602
95.91,23460
66.81,21704
156.06,24030
163.0,12270
101.97,19124
39.91,19544
122.57,15094
94.92,21071
65.25,23296
91.03,19445
98.59,19475
99.44,20918
130.71,22187
79.36,17138
175.53,17092
99.86,16323
113.05,22822
101.69,17210
91.03,19445
98.59,19475
120.35,24928
129.24,23213
79.36,17138
92.3,17444
100.95,15850
86.38,17944
91.76,21579
128.87,25608
86.43,17356
56.06,24617
137.19,23326
76.57,17370
75.81,13587
85.93,33749
150.86,18561
153.0,24837
189.84,36874
178.0,28090
113.17,19440
140.49,28401
76.82,18876
104.14,20166
63.8,15518
167.07,17957
44.13,29459
141.0,24114
147.55,22230
189.0,38625
149.77,20031
126.71,18941
137.7,23239
148.57,27260
58.47,12828
137.0,40146
96.89,42317
178.0,42135
149.76,35390
140.52,36294
29.95,28381
202.0,19060
128.01,22264
44.0,32955
127.73,23879
185.34,36150
92.0,20653
124.05,16123
85.04,19756
57.35,20402
332.74,15929
53.0,15284
43.0,11582
61.49,20329
56.06,24617
53.0,15284
61.49,20329
59.45,31960
52.07,17669
107.21,14458
48.57,18530
47.03,24453
91.55,26762
105.58,16954
194.96,17953
46.89,24953
88.29,32620
139.75,21396
104.27,15633
155.83,9947
127.58,12542
126.48,17395
101.4,13709
155.0,15484
133.53,20071
121.19,22692
109.0,21101
180.84,19908
76.95,25991
119.0,13026
131.87,19019
133.95,16798
106.44,16911
68.65,15295
99.96,16507
78.91,15461
137.46,16005
146.08,13007
129.14,15875
113.0,16815
84.71,17118
118.38,27792
153.92,23064
141.31,12172
145.21,19972
100.64,23152
119.48,17577
99.05,14135
78.92,20908
118.07,22868
150.99,31791
131.33,14011
100.47,21898
122.28,24534
72.96,19874
166.33,22847
76.47,19354
135.76,17679
147.0,27892
100.43,24694
110.94,19380
136.91,15339
79.97,25010
84.72,20657
123.0,23171
137.46,16005
146.08,13007
129.14,15875
113.0,16815
84.71,17118
118.38,27792
153.92,23064
141.31,12172
145.21,19972
100.64,23152
119.48,17577
99.05,14135
78.92,20908
118.07,22868
150.99,31791
131.33,14011
100.47,21898
122.28,24534
72.96,19874
166.33,22847
76.47,19354
135.76,17679
147.0,27892
100.43,24694
110.94,19380
136.91,15339
79.97,25010
84.72,20657
123.0,23171
75.46,23854
91.46,34988
129.0,20000
107.72,15968
136.0,16030
91.49,14756
82.5,15152
80.22,14959
79.97,16257
120.0,18334
79.94,14511
133.91,15309
76.61,17883
74.0,25676
124.1,19501
129.25,18724
153.32,19567
129.7,22360
105.5,15925
102.06,14698
143.38,24969
86.71,26526
120.23,24953
123.31,24978
129.9,23865
88.22,22671
105.58,16954
118.36,21798
92.62,14360
75.13,16505
150.69,17785
90.0,23334
126.41,10680
182.46,32884
189.06,32265
146.99,20274
90.67,19853
111.22,23378
49.2,23374
80.62,17366
46.05,20630
129.65,18500
130.07,15377
106.85,21994
64.23,19618
91.29,16432
135.0,14741
116.06,24815
113.69,17152
34.52,17671
86.54,14214
59.53,33597
171.28,21486
127.6,19436
124.01,19193
121.32,39565
145.0,18621
89.43,23483
127.87,18379
128.71,22376
106.58,17827
106.85,21994
121.32,39565
171.28,21486
127.6,19436
124.01,19193
114.0,17193
145.57,20953
86.9,21635
116.0,19828
95.61,16526
129.92,21552
85.93,34913
58.15,24592
55.93,18774
122.25,22904
122.8,13030
131.0,15268
89.43,23483
127.87,18379
218.78,17370
92.88,21534
36.3,26171
128.28,25725
55.0,16000
129.5,23167
149.15,17433
79.0,20254
162.8,22605
73.03,17801
92.68,21580
55.0,16000
85.49,19301
162.8,22605
158.66,21115
140.61,17425
105.79,21647
121.18,17330
43.81,21685
123.52,21050
276.52,23507
173.19,24540
26.78,21658
161.68,22762
127.86,23073
86.21,14500
120.82,31866
133.0,22407
263.02,22812
134.72,17815
153.0,16014
40.79,19858
179.29,9482
255.0,15687
123.0,21545
152.34,21925
250.3,21375
33.71,28479
98.0,41327
88.7,36077
88.7,36077
82.0,9513
83.95,13104
113.37,13673
93.87,18643
47.0,19788
93.47,16262
92.65,13492
70.57,17713
92.0,23914
60.36,17065
129.0,17830
97.06,17309
86.8,17973
82.79,19327
97.22,26744
79.54,23888
64.25,19923
67.02,28350
39.98,18260
53.87,23205
33.66,22282
169.89,30020
64.53,22471
51.35,23370
97.42,22583
127.0,22993
84.23,21964
96.38,23864
66.51,23305
84.23,21964
129.0,28683
50.37,22236
92.65,14032
88.0,20455
77.46,16525
83.19,33057
89.46,18780
90.19,18850
97.4,23101
115.0,17218
111.0,17298
66.0,35607
123.0,20976
92.37,18026
88.28,19031
97.24,20465
93.12,17183
118.01,17626
103.0,25729
131.51,17490
130.34,17033
87.01,16665
73.29,21559
101.92,18152
84.35,16835
81.45,20013
90.4,29868
134.31,29038
91.0,22748
